13616416467,
17689088958,
15648768112,
17676641313,
18429242505,
13204900536,
17695758537,
14314230858,
17897246145,
16189835555,
16909338829,
19381020753,
19541301453,
18326412175,
18466676523,
19383423265,
15980824824,
16625060522,
14610277896,
18970488889,
19477529571,
17875222083,
16809696669,
13875536542,
19781135411,
13509379736,
14360189767,
19482313951,
13397045309,
16515406809,
18125091135,
18536462706,
19780699940,
19124537514,
15671218503,
16444012729,
17832596840,
14125799334,
18759880107,
19944241206,
13812605266,
16818025211,
19654017177,
14782370457,
17829641902,
19790839060,
13732653394,
17985556331,
19987601974,
17919034829,
14513026068,
15770769310,
16129932008,
14327301385,
14545113778,
13121255794,
19999563399,
19451017309,
16570697799,
16825495263,
17773905196,
17064963275,
13753454399,
15480433416,
17961238060,
16390482469,
18571851194,
19263854159,
16617501857,
18136069933,
19487757888,
14432821095,
19549434335,
17467134392,
13154674911,
18271516398,
19948088610,
13339720261,
15653643900,
18636834909,
14634730831,
14490546970,
15367551890,
19401801659,
14321154840,
13381603858,
15119082231,
16265758688,
17723836888,
13776400935,
19186975913,
15216267878,
19733414185,
19029428495,
16769533187,
16634305242,
13528814381,
19238619052,
15246524624,
19687216211,
16817041645,
16912550596,
16519247333,
14642166687,
18316548595,
14812134356,
14211265419,
15251466718,
14823372149,
15228135406,
17866206457,
17843645264,
14255238669,
15648310834,
15885598628,
16569271705,
17014043002,
16766722727,
14937916083,
14182605314,
16965193680,
14604680936,
15339752857,
16271463647,
17408474595,
18863174234,
13842476006,
19270273325,
17849308097,
14070046894,
16372148926,
15484109197,
17879805206,
19956711448,
19985286088,
18179008862,
13561595855,
13384232835,
16126434460,
15047112224,
15553220459,
18285081551,
17919805666,
14828171663,
19803121942,
13260979328,
13421365463,
14606354743,
16255985364,
16292627836,
15203064705,
15554566848,
15743216251,
18122027426,
18445765982,
16470494881,
14180080757,
19213980465,
18750611162,
19026793605,
16670531057,
18227298315,
16624455693,
16276863613,
16150255260,
14894106697,
19013196610,
17242107984,
15016247024,
18635420329,
14388329889,
14474846584,
17339177965,
17136326648,
13641374671,
17674347280,
19734067456,
19172534296,
17394319950,
14521158747,
15291032231,
15554922214,
17033804684,
13353455938,
14118739210,
18928762148,
14012589731,
13120160418,
16994660371,
15892721546,
14975862523,
16728277720,
16664871525,
18158997763,
15594624361,
13981531240,
19598196953,
14197392483,
18954775928,
19275952012,
16895272019,
16763660052,
18438630710,
16938745243,
19543949135,
13969971475,
16302854096,
13305050201,
18765029911,
19190601575,
14495201048,
19237684350,
17333568994,
16398365092,
16015792202,
16172033198,
18000611157,
14385029850,
13355867087,
16010744720,
18780782536,
15588254712